// Chungra 
  src_lidar = np.array([
        [2.23, -0.39],
        [11.08, 0.41],
        [14.13, -4.03],
        [18.6, -65.8],
        [15.47, -73.2], 
        [7.81, -73.8],
        [2.9, -69.1], 
        [-1.18, -6.2]
        
    ])

    dst_ipe = np.array([
        [7.09, 78.8],
        [15.5, 79.1], 
        [18.71, 74.17],
        [19.69, 10.39],
        [15.82, 4.7],
        [8.45, 4.09],
        [3.29, 10.24],
        [3.14, 72.2]
    ])

// Global B1F  
src_lidar = np.array([
        [-101.74, 26.25],
        [-81.87, -5.77], 
        [-88.12, -10.02],
        [-94.10, -15.63],
        [-115.63, 19.23],
       
    ])

    dst_ipe = np.array([
        [3.44, 18.74],
        [41.5, 18.4],
        [41.72, 9.44],
        [41.8, 2.71],
        [3.37, 3.92], 
        
    ])