src_lidar = np.array([
        [-0.37, -3.07, -0.38],
        [12.12, -0.39, -0.38],
        [4.31, -71.9, 0.23],
        [18.3, -68.9, -0.3],
        
        [31.9, 8.67, -0.37],
        [17.7, 25.5, -0.38],
        [5.06, 11.4, -0.38],
        [-3.12, 27.35, -0.38],
        [-15.17, 12.62, 5.78]


    ])

    dst_slam = np.array([
        [0.13, -0.56, -0.28],
        [2.87, -0.06, -0.28],
        [0.54, -16.8, -0.19],
        [3.8, -16.3, -0.18],

        [7.42, 1.42, -0.28],
        [4.4, 6.13, -0.28],
        [1.67, 2.96, 1.28],
        [-0.7, 7.23, 1.26],
        [-3.24, 3.75, -0.28]
    ])
