29.702,3.76867,-2.1666
29.702,3.76867,-2.1666
29.702,3.76867,-2.1666
29.702,3.76867,-2.1666
30.0123,3.73709,-2.18718
30.0123,3.73709,-2.18718
30.0123,3.73709,-2.18718
30.3287,3.68562,-2.20862
30.3287,3.68562,-2.20862
30.3287,3.68562,-2.20862
30.6348,3.62826,-2.22818
30.6348,3.62826,-2.22818
30.6348,3.62826,-2.22818
30.6348,3.62826,-2.22818
30.959,3.58467,-2.24952
30.959,3.58467,-2.24952
30.959,3.58467,-2.24952
30.959,3.58467,-2.24952
30.959,3.58467,-2.24952
30.959,3.58467,-2.24952
30.959,3.58467,-2.24952
30.959,3.58467,-2.24952
30.959,3.58467,-2.24952
0,0,-0
0,0,-0
0,0,-0
0,0,-0
0,0,-0
22.3834,0,-2.27279
22.3834,0,-2.27279
22.3834,0,-2.27279
22.3834,0,-2.27279
22.3834,0,-2.27279
22.3834,0,-2.27279
22.3834,0,-2.27279
22.3834,0,-2.27279
22.3834,0,-2.27279
22.3834,0,-2.27279
22.3834,0,-2.27279
22.3834,0,-2.27279
22.3834,0,-2.27279
22.3834,0,-2.27279
22.3834,0,-2.27279
22.3834,0,-2.27279
22.3834,0,-2.27279
22.3834,0,-2.27279
22.3834,0,-2.27279
22.3834,0,-2.27279
22.3834,0,-2.27279
22.3834,0,-2.27279
22.3834,0,-2.27279
22.3834,0,-2.27279
22.3834,0,-2.27279
22.3834,0,-2.27279
22.3834,0,-2.27279
22.3834,0,-2.27279
22.3834,0,-2.27279
22.3834,0,-2.27279
22.3834,0,-2.27279
22.3834,0,-2.27279
22.3834,0,-2.27279
22.3834,0,-2.27279
22.3834,0,-2.27279
22.3834,0,-2.27279
22.3834,0,-2.27279
22.3834,0,-2.27279
22.3834,0,-2.27279
22.3834,0,-2.27279
22.3834,0,-2.27279
22.3834,0,-2.27279
22.3834,0,-2.27279
22.3834,0,-2.27279
22.3834,0,-2.27279
22.3834,0,-2.27279
22.3834,0,-2.27279
22.3834,0,-2.27279
22.3834,0,-2.27279
22.3834,0,-2.27279
22.3834,0,-2.27279
22.3834,0,-2.27279
22.3834,0,-2.27279
22.3834,0,-2.27279
22.372,5.42922,-2.27279
22.372,5.42922,-2.27279
22.372,5.42922,-2.27279
22.305,5.35079,-2.27279
22.305,5.35079,-2.27279
22.305,5.35079,-2.27279
22.308,5.28055,-2.27279
22.308,5.28055,-2.27279
22.308,5.28055,-2.27279
22.308,5.28055,-2.27279
22.3129,5.06267,-2.24956
22.3129,5.06267,-2.24956
22.3129,5.06267,-2.24956
22.3221,4.8866,-2.21614
22.3221,4.8866,-2.21614
22.3221,4.8866,-2.21614
22.2321,4.95803,-2.21614
22.2321,4.95803,-2.21614
22.2321,4.95803,-2.21614
22.2321,4.95803,-2.21614
22.2448,4.96244,-2.21614
22.2448,4.96244,-2.21614
22.2448,4.96244,-2.21614
22.2778,4.78715,-2.17158
22.2778,4.78715,-2.17158
22.2778,4.78715,-2.17158
22.3183,4.94226,-2.17158
22.3183,4.94226,-2.17158
22.3183,4.94226,-2.17158
22.3183,4.94226,-2.17158
22.2181,4.96054,-2.17158
22.2181,4.96054,-2.17158
22.2181,4.96054,-2.17158
22.2314,4.9658,-2.17158
22.2314,4.9658,-2.17158
22.2314,4.9658,-2.17158
22.2466,4.82054,-2.17158
22.2466,4.82054,-2.17158
22.2466,4.82054,-2.17158
22.2955,4.99314,-2.17158
22.2955,4.99314,-2.17158
22.2955,4.99314,-2.17158
22.2177,4.97705,-2.17158
22.2177,4.97705,-2.17158
22.2177,4.97705,-2.17158
22.2177,4.97705,-2.17158
22.2659,4.79317,-2.12462
22.2659,4.79317,-2.12462
22.2659,4.79317,-2.12462
22.3173,4.92329,-2.12462
22.3173,4.92329,-2.12462
22.3173,4.92329,-2.12462
22.3602,5.01629,-2.12462
22.3602,5.01629,-2.12462
22.3602,5.01629,-2.12462
22.3602,5.01629,-2.12462
22.3898,5.08133,-2.12462
22.3898,5.08133,-2.12462
22.3898,5.08133,-2.12462
22.4243,4.95986,-2.10279
22.4243,4.95986,-2.10279
22.4243,4.95986,-2.10279
22.4855,4.98433,-2.10695
22.4855,4.98433,-2.10695
22.4855,4.98433,-2.10695
22.4855,4.98433,-2.10695
22.4861,4.82372,-2.10695
22.4861,4.82372,-2.10695
22.4861,4.82372,-2.10695
22.559,4.97487,-2.10695
22.559,4.97487,-2.10695
22.559,4.97487,-2.10695
22.5067,4.98866,-2.10695
22.5067,4.98866,-2.10695
22.5067,4.98866,-2.10695
22.5067,4.98866,-2.10695
22.5674,4.98488,-2.10695
22.5674,4.98488,-2.10695
22.5674,4.98488,-2.10695
22.6429,4.79166,-2.04648
22.6429,4.79166,-2.04648
22.6429,4.79166,-2.04648
22.738,4.90073,-2.04648
22.738,4.90073,-2.04648
22.738,4.90073,-2.04648
22.738,4.90073,-2.04648
22.798,4.76811,-2.04648
22.798,4.76811,-2.04648
22.798,4.76811,-2.04648
22.873,4.80999,-2.04648
22.873,4.80999,-2.04648
22.873,4.80999,-2.04648
22.9242,4.66853,-2.04648
22.9242,4.66853,-2.04648
22.9242,4.66853,-2.04648
22.9242,4.66853,-2.04648
23.0212,4.5913,-2.04648
23.0212,4.5913,-2.04648
23.0212,4.5913,-2.04648
23.1769,4.75425,-2.04648
23.1769,4.75425,-2.04648
23.1769,4.75425,-2.04648
23.2643,4.69221,-2.04648
23.2643,4.69221,-2.04648
23.2643,4.69221,-2.04648
23.3539,4.70758,-2.04648
23.3539,4.70758,-2.04648
23.3539,4.70758,-2.04648
23.3539,4.70758,-2.04648
23.4796,4.61831,-2.0259
23.4796,4.61831,-2.0259
23.4796,4.61831,-2.0259
23.5659,4.46287,-2.0259
23.5659,4.46287,-2.0259
23.5659,4.46287,-2.0259
23.6736,4.53488,-2.0259
23.6736,4.53488,-2.0259
23.6736,4.53488,-2.0259
23.6736,4.53488,-2.0259
23.7535,4.39529,-2.0259
23.7535,4.39529,-2.0259
23.7535,4.39529,-2.0259
23.9054,4.27704,-2.0259
23.9054,4.27704,-2.0259
23.9054,4.27704,-2.0259
24.1325,4.44728,-2.0259
24.1325,4.44728,-2.0259
24.1325,4.44728,-2.0259
24.1325,4.44728,-2.0259
24.2386,4.27166,-2.0259
24.2386,4.27166,-2.0259
24.2386,4.27166,-2.0259
24.3137,4.3266,-2.0259
24.3137,4.3266,-2.0259
24.3137,4.3266,-2.0259
24.6859,4.33184,-2.0259
24.6859,4.33184,-2.0259
24.6859,4.33184,-2.0259
24.6859,4.33184,-2.0259
24.8359,4.28024,-2.0259
24.8359,4.28024,-2.0259
24.8359,4.28024,-2.0259
25.0145,4.21524,-2.0259
25.0145,4.21524,-2.0259
25.0145,4.21524,-2.0259
25.1211,4.27492,-2.0259
25.1211,4.27492,-2.0259
25.1211,4.27492,-2.0259
25.2334,4.24818,-1.9921
25.2334,4.24818,-1.9921
25.2334,4.24818,-1.9921
25.2334,4.24818,-1.9921
25.4596,4.31569,-2.01126
25.4596,4.31569,-2.01126
25.4596,4.31569,-2.01126
25.5862,4.34741,-2.01126
25.5862,4.34741,-2.01126
25.5862,4.34741,-2.01126
25.7392,4.3663,-2.01126
25.7392,4.3663,-2.01126
25.7392,4.3663,-2.01126
25.7392,4.3663,-2.01126
25.997,4.39766,-2.01126
25.997,4.39766,-2.01126
25.997,4.39766,-2.01126
26.1945,4.39726,-2.01126
26.1945,4.39726,-2.01126
26.1945,4.39726,-2.01126
26.5665,4.24432,-2.01126
26.5665,4.24432,-2.01126
26.5665,4.24432,-2.01126
26.8889,4.14298,-2.00117
26.8889,4.14298,-2.00117
26.8889,4.14298,-2.00117
26.8889,4.14298,-2.00117
27.1979,4.15638,-2.00117
27.1979,4.15638,-2.00117
27.1979,4.15638,-2.00117
27.5715,4.09132,-2.00117
27.5715,4.09132,-2.00117
27.5715,4.09132,-2.00117
27.9081,4.05217,-2.03078
27.9081,4.05217,-2.03078
27.9081,4.05217,-2.03078
27.9081,4.05217,-2.03078
28.2254,4.00591,-2.05842
28.2254,4.00591,-2.05842
28.2254,4.00591,-2.05842
28.5375,3.94594,-2.08515
28.5375,3.94594,-2.08515
28.5375,3.94594,-2.08515
28.8385,3.90501,-2.11345
28.8385,3.90501,-2.11345
28.8385,3.90501,-2.11345
28.8385,3.90501,-2.11345
29.1377,3.86609,-2.14238
29.1377,3.86609,-2.14238
29.1377,3.86609,-2.14238
29.4411,3.82165,-2.1666
29.4411,3.82165,-2.1666
29.4411,3.82165,-2.1666
29.702,3.76867,-2.1666
29.702,3.76867,-2.1666
29.702,3.76867,-2.1666
29.702,3.76867,-2.1666
30.0123,3.73709,-2.18718
30.0123,3.73709,-2.18718
30.0123,3.73709,-2.18718
30.3287,3.68562,-2.20862
30.3287,3.68562,-2.20862
30.3287,3.68562,-2.20862
30.6348,3.62826,-2.22818
30.6348,3.62826,-2.22818
30.6348,3.62826,-2.22818
30.6348,3.62826,-2.22818
30.959,3.58467,-2.24952
30.959,3.58467,-2.24952
30.959,3.58467,-2.24952
30.959,3.58467,-2.24952
30.959,3.58467,-2.24952
30.959,3.58467,-2.24952
30.959,3.58467,-2.24952
30.959,3.58467,-2.24952
30.959,3.58467,-2.24952
31.4801,3.51488,-2.24088
31.4801,3.51488,-2.24088
31.4801,3.51488,-2.24088
31.4801,3.51488,-2.24088
31.946,3.46074,-2.24088
31.946,3.46074,-2.24088
31.946,3.46074,-2.24088
32.3751,3.43869,-2.24088
32.3751,3.43869,-2.24088
32.3751,3.43869,-2.24088
32.7514,3.42774,-2.24088
32.7514,3.42774,-2.24088
32.7514,3.42774,-2.24088
33.0143,3.31264,-2.24088
33.0143,3.31264,-2.24088
33.0143,3.31264,-2.24088
33.0143,3.31264,-2.24088
33.5514,3.11234,-2.09082
33.67,3.09146,-2.08842
33.7886,3.0706,-2.08576
33.9073,3.04974,-2.08307
34.0259,3.0289,-2.08041
34.1446,3.00809,-2.07761
34.4632,3.09223,-2.07434
34.5831,3.07336,-2.07105
34.7031,3.05455,-2.06738
34.8231,3.03582,-2.06367
35.0939,3.02257,-2.05981
35.2144,3.00426,-2.05581
35.3349,2.98598,-2.05157
35.5108,2.96555,-2.04734
35.6304,2.94754,-2.04262
35.75,2.92955,-2.03793
35.912,3.08092,-2.03323
36.0305,3.0658,-2.02837
36.149,3.05072,-2.02386
36.2674,3.03572,-2.0191
36.4025,3.1701,-2.01451
36.5195,3.15781,-2.01007
36.6364,3.14565,-2.0055
36.7469,3.28184,-1.92597
36.862,3.27227,-1.92132
36.9771,3.26276,-1.9162
37.0397,3.40838,-1.91124
37.1521,3.40162,-1.90617
37.2646,3.39495,-1.90125
37.3308,3.38229,-1.89645
37.4406,3.37581,-1.89163
37.5504,3.36941,-1.88689
37.66,3.36309,-1.88202
37.7017,3.41563,-1.87712
37.8085,3.4105,-1.87211
37.9152,3.40544,-1.86673
37.9665,3.63893,-1.86142
38.0706,3.63792,-1.85613
38.1745,3.6371,-1.85069
38.2785,3.63647,-1.84532
38.3823,3.63599,-1.84006
38.486,3.63564,-1.83452
38.5897,3.63536,-1.82888
34.4448,5.89796,-1.8217
34.4755,5.90304,-1.81598
34.506,5.90828,-1.81005
34.5734,5.85742,-1.80371
34.6031,5.86205,-1.79755
34.6325,5.86682,-1.79163
34.7468,5.93491,-1.78583
34.7762,5.94095,-1.78048
34.8053,5.94714,-1.77492
34.8342,5.95348,-1.76895
35.0304,6.07544,-1.76309
35.0607,6.08394,-1.75723
35.2175,6.23048,-1.75117
35.2484,6.24148,-1.74528
35.279,6.25263,-1.73963
35.3093,6.26391,-1.73342
35.5357,6.47989,-1.72763
35.5679,6.49465,-1.72133
35.5998,6.50955,-1.71556
35.9243,6.73442,-1.70909
35.9597,6.75296,-1.70322
35.9947,6.77169,-1.69773
36.0295,6.7906,-1.69216
36.3602,6.76781,-1.68676
36.3984,6.78624,-1.681
36.4364,6.80486,-1.67552
36.783,6.89093,-1.67043
36.8247,6.9109,-1.66494
36.8661,6.93106,-1.65944
37.1706,7.27178,-1.64466
37.215,7.29738,-1.63933
37.2591,7.32318,-1.63381
37.5461,7.47175,-1.62829
37.5928,7.49962,-1.6229
37.6392,7.52765,-1.61747
37.6853,7.55581,-1.6122
37.9949,7.79101,-1.60717
38.0438,7.82265,-1.60196
38.0926,7.85447,-1.59682
38.3588,8.19521,-1.57433
38.4096,8.23215,-1.56939
38.4602,8.26932,-1.56417
38.6807,8.61006,-1.55887
38.7325,8.65229,-1.55352
38.784,8.69476,-1.54795
38.8353,8.7375,-1.54239
39.0946,8.93306,-1.53695
39.1478,8.97836,-1.53162
39.2008,9.02392,-1.52602
39.3701,9.32386,-1.5208
39.4233,9.37362,-1.51538
39.4763,9.42362,-1.50978
39.6629,9.70336,-1.50422
39.7164,9.757,-1.49835
39.7696,9.81091,-1.49222
39.8225,9.8651,-1.48571
39.9622,10.0675,-1.47915
40.015,10.1241,-1.47238
40.0675,10.1809,-1.46559
40.2703,10.3903,-1.45874
40.3237,10.4495,-1.45135
40.3768,10.5089,-1.44384
40.4296,10.5687,-1.43565
40.5917,10.8573,-1.43188
40.6446,10.9207,-1.42387
40.6971,10.9845,-1.41556
40.9674,11.01,-1.40716
41.0219,11.073,-1.39907
41.0761,11.1363,-1.39122
41.13,11.2,-1.38329
41.1836,11.2639,-1.37475
41.2368,11.3281,-1.36615
41.2897,11.3926,-1.35714
41.3423,11.4575,-1.34827
41.3946,11.5227,-1.33934
41.4466,11.5882,-1.33076
41.4982,11.6539,-1.32183
41.5495,11.7199,-1.31362
41.6005,11.7861,-1.30471
41.6512,11.8526,-1.29534
41.7016,11.9194,-1.28702
41.7517,11.9865,-1.27784
41.8014,12.0538,-1.2694
41.8508,12.1213,-1.26078
41.8998,12.1891,-1.25166
41.9485,12.2571,-1.24326
41.9969,12.3254,-1.23451
42.0449,12.3938,-1.22518
42.0927,12.4625,-1.21622
42.1401,12.5315,-1.20717
42.1872,12.6008,-1.19859
42.2339,12.6702,-1.1898
42.2803,12.74,-1.18087
42.3264,12.8101,-1.172
42.3721,12.8805,-1.16308
42.4175,12.9512,-1.154
42.4625,13.0222,-1.14475
42.5072,13.0934,-1.13534
42.5515,13.165,-1.12662
42.5954,13.2367,-1.11719
42.6389,13.3087,-1.10825
42.6821,13.3809,-1.09899
42.7249,13.4532,-1.08977
42.7673,13.5257,-1.08038
42.8094,13.5983,-1.07117
42.8512,13.6711,-1.06174
42.8927,13.744,-1.05235
42.9338,13.8171,-1.04293
42.9746,13.8904,-1.0342
43.0117,14.3366,-1.02508
43.0506,14.4154,-1.01572
43.089,14.4944,-1.00688
43.2633,14.7613,-0.975411
43.3022,14.8426,-0.96664
43.3408,14.9241,-0.956847
43.4685,15.1521,-0.926757
43.5067,15.2351,-0.917166
43.5445,15.3183,-0.907759
43.7269,15.5465,-0.8505
43.7652,15.6312,-0.841753
43.8032,15.7161,-0.832404
43.8406,15.8012,-0.823436
43.851,15.9634,-0.801185
43.886,16.0487,-0.79261
43.9206,16.1343,-0.784004
44.05,16.2988,-0.774976
44.0844,16.3846,-0.766221
44.1184,16.4705,-0.757879
44.196,16.6086,-0.748802
44.2291,16.6941,-0.739685
44.2617,16.7796,-0.730456
44.294,16.8653,-0.721409
44.4822,16.891,-0.712869
44.5154,16.9744,-0.704531
44.5482,17.0579,-0.695743
44.7077,17.1553,-0.686994
44.7409,17.2379,-0.678493
44.7737,17.3206,-0.670344
44.8596,17.3832,-0.661831
44.8917,17.4643,-0.653354
44.9234,17.5455,-0.645055
44.9701,17.5796,-0.636559
45.0005,17.6588,-0.627876
45.0305,17.738,-0.620408
44.9612,17.7768,-0.612672
44.988,17.854,-0.604916
45.0145,17.9312,-0.597406
45.0405,18.0084,-0.589901
44.9257,18.0483,-0.582878
44.9479,18.1237,-0.576533
44.9697,18.1992,-0.570021
44.8459,18.2568,-0.564434
44.864,18.3307,-0.558667
44.8816,18.4046,-0.553319
44.8989,18.4785,-0.548641
44.7521,18.5087,-0.544387
44.7655,18.5806,-0.540275
44.7786,18.6523,-0.536953
44.6408,18.6946,-0.533654
44.6505,18.7644,-0.530747
44.66,18.834,-0.52889
44.5802,18.8942,-0.52681
44.5874,18.9622,-0.525013
44.5944,19.0301,-0.523337
44.6011,19.0978,-0.522294
44.4988,19.145,-0.521864
44.5029,19.211,-0.521177
44.5068,19.2768,-0.520978
44.3893,19.3365,-0.521216
44.3903,19.4008,-0.521697
44.3911,19.465,-0.522521
44.2585,19.4582,-0.523499
44.2562,19.5198,-0.524727
44.2536,19.5813,-0.526103
44.2507,19.6427,-0.527866
44.0989,19.6914,-0.529229
44.0927,19.7511,-0.530713
44.0863,19.8106,-0.532682
43.9294,19.8656,-0.5346
43.92,19.9236,-0.536302
43.9104,19.9814,-0.537805
43.7303,20.0361,-0.539879
43.7175,20.0924,-0.542418
43.7045,20.1484,-0.545156
43.6912,20.2043,-0.547685
43.523,20.2497,-0.550622
43.5067,20.3041,-0.553634
43.4901,20.3583,-0.556498
43.3164,20.3996,-0.559437
43.2968,20.4522,-0.562087
43.2769,20.5046,-0.565167
43.0949,20.5511,-0.56825
43.0719,20.6021,-0.571412
43.0487,20.6529,-0.574472
42.8576,20.6979,-0.577728
42.8313,20.7473,-0.581043
42.8047,20.7965,-0.584428
42.7778,20.8455,-0.587919
42.5889,20.8803,-0.591417
42.5591,20.9277,-0.595017
42.529,20.9748,-0.598408
42.3303,20.9987,-0.602154
42.2973,21.044,-0.60574
42.2641,21.0892,-0.609224
42.0478,21.1146,-0.613053
42.0115,21.1581,-0.616698
41.975,21.2013,-0.621081
41.9382,21.2443,-0.625724
41.7291,21.2541,-0.630402
41.6893,21.2953,-0.635286
41.6491,21.3363,-0.639278
41.4708,21.4188,-0.644401
41.4281,21.4592,-0.648984
41.3852,21.4994,-0.653085
41.1893,21.5691,-0.657606
41.1437,21.6084,-0.662059
41.0978,21.6474,-0.666952
40.8516,21.633,-0.672309
40.8023,21.6699,-0.677501
40.7528,21.7065,-0.683703
40.703,21.7428,-0.688955
40.653,21.7788,-0.69498
40.6028,21.8145,-0.701841
40.5523,21.85,-0.70867
40.5014,21.8853,-0.715422
40.4503,21.9203,-0.72105
40.3989,21.955,-0.727122
40.3472,21.9894,-0.734517
40.2952,22.0236,-0.741591
40.2429,22.0577,-0.748068
40.1902,22.0916,-0.754474
40.1372,22.1254,-0.76136
40.0838,22.1589,-0.767929
40.0301,22.1923,-0.774632
39.9761,22.2254,-0.781027
39.9218,22.2582,-0.788134
39.8672,22.2908,-0.79495
39.8125,22.3232,-0.800777
39.7575,22.3553,-0.807152
39.7022,22.3871,-0.815028
39.6468,22.4187,-0.821396
39.5911,22.4501,-0.828205
39.5351,22.4813,-0.83568
39.4787,22.5122,-0.842227
39.4219,22.543,-0.849425
39.3648,22.5736,-0.857163
39.3073,22.6041,-0.863778
24.3785,19.6893,-0.86702
24.3446,19.6969,-0.87306
24.3097,19.7039,-0.879092
24.1574,19.6705,-0.885735
24.1184,19.6749,-0.892239
24.0786,19.6787,-0.898916
24.0378,19.6819,-0.904938
23.8018,19.6384,-0.912178
23.7556,19.6389,-0.916058
23.7085,19.6387,-0.923252
23.4604,19.7469,-0.931269
23.4078,19.7467,-0.939707
23.3543,19.7459,-0.948353
23.0494,19.84,-0.663976
22.9901,19.8386,-0.67039
22.93,19.8363,-0.677475
22.8691,19.8333,-0.685796
22.4933,19.8168,-0.691784
22.4256,19.8113,-0.696868
22.3571,19.8049,-0.701342
22.0142,19.6323,-0.706111
21.9399,19.6209,-0.714085
21.8648,19.6087,-0.719079
21.4948,19.5255,-0.727777
21.4136,19.5101,-0.735995
21.3314,19.4939,-0.740866
21.2482,19.4769,-0.748878
20.9034,19.4632,-0.752129
20.8145,19.4442,-0.760101
20.7247,19.4245,-0.765992
20.3481,19.6582,-0.769521
20.2522,19.6407,-0.776015
20.1554,19.6224,-0.783244
19.8942,19.7947,-0.551699
19.7938,19.7771,-0.557648
19.6926,19.7586,-0.565886
19.3761,19.8158,-0.570636
19.2706,19.796,-0.576471
19.1642,19.7753,-0.583476
19.057,19.7536,-0.587985
18.9729,19.8105,-0.594967
18.8653,19.7878,-0.601448
18.7568,19.7642,-0.607349
18.4502,19.8461,-0.615588
18.3375,19.822,-0.62068
18.2239,19.7971,-0.628689
17.9223,19.8592,-0.632086
17.8048,19.8337,-0.637165
17.6863,19.8073,-0.644661
17.5669,19.78,-0.644881
17.3084,19.814,-0.651004
17.186,19.7853,-0.658267
17.0625,19.7557,-0.665679
16.8133,19.7632,-0.671663
16.6869,19.7321,-0.676553
16.5595,19.7,-0.683004
16.2751,19.5665,-0.540653
16.1446,19.5305,-0.547021
16.0133,19.4934,-0.553341
15.8811,19.4553,-0.558247
15.7479,19.4161,-0.565617
15.6138,19.376,-0.570714
15.4789,19.3349,-0.576236
15.2713,19.5161,-0.581293
15.1347,19.4767,-0.587082
14.9972,19.4364,-0.593465
14.8526,19.564,-0.600547
14.7145,19.5247,-0.604062
14.5755,19.4845,-0.609425
14.4301,19.5769,-0.615641
14.2906,19.5372,-0.620739
14.1503,19.4967,-0.625679
14.009,19.4553,-0.630091
13.878,19.5817,-0.413948
13.7372,19.541,-0.420585
13.5956,19.4993,-0.426405
13.5159,19.6061,-0.43219
13.3755,19.5648,-0.437816
13.2344,19.5226,-0.442249
13.0994,19.6508,-0.449327
12.9585,19.6095,-0.454471
12.8169,19.5672,-0.459716
12.6745,19.5241,-0.464917
12.6221,19.6379,-0.470575
12.4814,19.5955,-0.474618
12.34,19.5522,-0.481432
12.283,19.6184,-0.487644
12.1431,19.5752,-0.492238
12.0023,19.5313,-0.497106
11.9228,19.6432,-0.502384
11.783,19.6003,-0.508428
11.6425,19.5566,-0.512962
11.5011,19.5121,-0.517011
11.5297,19.5797,-0.521597
11.3913,19.5356,-0.527916
11.2519,19.4907,-0.532396
11.2776,19.5691,-0.536077
11.1411,19.5249,-0.53963
11.0037,19.4801,-0.543592
10.9357,19.5694,-0.547901
10.7995,19.5255,-0.552792
10.6625,19.4808,-0.556269
10.5992,19.5681,-0.558213
10.4634,19.5243,-0.563306
10.3269,19.4798,-0.566328
10.1895,19.4346,-0.569645
10.1624,19.5335,-0.572574
10.0268,19.4896,-0.5757
9.8904,19.445,-0.578201
9.85907,19.5137,-0.580138
9.72434,19.47,-0.581615
9.5888,19.4257,-0.583278
9.59739,19.3346,-0.42874
9.46451,19.2881,-0.430455
9.33089,19.241,-0.431165
9.29623,19.1895,-0.431456
9.16448,19.141,-0.432463
9.03201,19.0917,-0.432703
8.89883,19.0418,-0.433363
8.90511,19.0258,-0.433586
8.77455,18.9752,-0.432785
8.64334,18.924,-0.433242
8.62431,18.9165,-0.432706
8.49531,18.8649,-0.432591
8.36565,18.8126,-0.432323
8.35834,18.8264,-0.431618
8.23108,18.7742,-0.432524
8.10312,18.7213,-0.432202
7.97447,18.6677,-0.431675
7.94063,18.891,-0.430774
7.8138,18.8413,-0.429787
7.68628,18.791,-0.429349
7.55805,18.7399,-0.428252
7.42914,18.6882,-0.426171
7.29953,18.6358,-0.424734
7.31495,18.8066,-0.422928
7.18807,18.7572,-0.42148
7.06054,18.707,-0.418742
6.93238,18.6563,-0.416779
6.92854,18.8464,-0.414839
6.80282,18.7989,-0.413371
6.67643,18.7508,-0.41116
6.71585,18.8445,-0.408607
6.59262,18.798,-0.406326
6.46878,18.7509,-0.40325
6.51793,18.6727,-0.401153
6.39745,18.6241,-0.398854
6.27636,18.5749,-0.395908
6.15468,18.5251,-0.392936
6.19309,18.3648,-0.389898
6.0746,18.3123,-0.387
5.95553,18.2593,-0.384207
6.04037,18.0663,-0.380868
5.92527,18.01,-0.377809
5.80962,17.9531,-0.375029
5.77293,17.9866,-0.3712
5.65908,17.9306,-0.36766
5.5447,17.874,-0.364804
5.42975,17.8168,-0.361455
5.31612,17.9149,-0.154522
5.20179,17.8595,-0.150886
5.08697,17.8034,-0.146568
5.00849,17.8309,-0.141539
4.89504,17.7754,-0.137238
4.78117,17.7192,-0.132912
4.74967,17.7896,-0.268781
4.63778,17.7349,-0.264194
4.52541,17.6795,-0.258747
4.68497,17.7245,-0.253487
4.57804,17.6702,-0.248886
4.47068,17.6154,-0.246095
4.36287,17.5599,-0.240884
4.5163,17.5798,-0.235444
4.4137,17.5251,-0.231541
4.31069,17.4699,-0.227236
4.20727,17.414,-0.223077
4.10345,17.3577,-0.218515
3.99921,17.3007,-0.214289
4.26111,17.0986,-0.208989
4.16397,17.0387,-0.204796
4.06643,16.9782,-0.200974
4.19572,16.757,-0.195542
4.10284,16.6932,-0.190745
4.00964,16.6288,-0.186179
3.91613,16.564,-0.181909
4.12381,16.3844,-0.177857
4.03629,16.3172,-0.173511
3.94846,16.2494,-0.169073
4.09697,16.0941,-0.164482
4.014,16.0245,-0.160363
3.93076,15.9544,-0.156385
3.9929,15.8138,-0.027119
3.9131,15.7421,-0.02292
3.83312,15.6697,-0.0194455
3.75294,15.5969,-0.0148023
3.86748,15.4949,0.106077
3.79174,15.4213,0.109786
3.7159,15.347,0.113734
3.72834,15.2904,0.235432
3.65527,15.2161,0.238384
3.58217,15.1413,0.241106
3.60075,15.1316,0.350409
3.53057,15.0576,0.35477
3.46047,14.983,0.358922
3.39047,14.9079,0.362806
3.47378,14.8694,0.472008
3.40801,14.7949,0.474347
3.34237,14.7198,0.477182
3.41469,14.6867,0.573772
3.35296,14.6123,0.576638
3.29141,14.5375,0.578572
3.30951,14.5158,0.581283
3.25076,14.4418,0.583515
3.19217,14.3673,0.586006
3.13376,14.2923,0.588684
3.18787,14.3253,0.591661
3.13285,14.2522,0.593753
3.07802,14.1787,0.596565
3.17921,14.1445,0.599022
3.12845,14.0718,0.601033
3.07786,13.9987,0.603181
3.02745,13.9252,0.604708
2.97719,13.8513,0.605728
2.92709,13.777,0.606943
2.87717,13.7023,0.607553
2.82742,13.6272,0.608643
2.77785,13.5517,0.609348
2.72847,13.4758,0.609728
2.67926,13.3995,0.610221
2.63023,13.3228,0.610867
2.58137,13.2457,0.611275
2.53269,13.1682,0.611378
2.48418,13.0903,0.611071
2.43585,13.012,0.611015
2.38769,12.9332,0.610438
2.33972,12.854,0.609836
2.29193,12.7743,0.610013
2.24436,12.6942,0.610257
2.4933,12.6943,0.702201
2.4521,12.6159,0.701573
2.41111,12.5372,0.702263
2.6139,12.5272,0.787768
2.57828,12.4502,0.78755
2.54291,12.3728,0.785973
2.69149,12.3958,0.873838
2.66046,12.3206,0.873247
2.62969,12.245,0.871463
2.59918,12.1692,0.87058
2.69858,12.2089,0.953946
2.67141,12.1356,0.952388
2.64451,12.062,0.951273
2.70588,12.0262,0.950783
2.68157,11.9538,0.950094
2.65754,11.8811,0.949616
2.69969,11.83,0.948513
2.67787,11.7582,0.947436
2.65633,11.6863,0.946325
2.63509,11.6142,0.944591
2.67854,11.5809,0.943516
2.6594,11.51,0.941922
2.64052,11.4388,0.940008
2.62189,11.3674,0.938635
2.65392,11.3917,0.937277
2.63703,11.3223,0.935562
2.6204,11.2527,0.93385
2.65375,11.2139,0.93234
2.63882,11.1452,0.930975
2.62409,11.0762,0.930591
2.66105,11.0175,0.928665
2.64796,10.9491,0.928055
2.6351,10.8805,0.926853
2.54349,10.8522,0.925306
2.53017,10.7846,0.924295
2.51705,10.7168,0.923361
2.50415,10.6488,0.922043
2.37316,10.675,0.920639
2.35915,10.6089,0.919158
2.34537,10.5426,0.918128
2.48135,10.4764,0.916966
2.47072,10.4106,0.915678
2.46033,10.3446,0.914356
2.46524,10.2676,0.913482
2.45576,10.2018,0.91189
2.44646,10.1358,0.910501
2.43735,10.0696,0.909845
2.54789,10.019,0.908821
2.54136,9.95344,0.907974
2.53506,9.88769,0.907039
2.44894,9.82346,0.906221
2.44207,9.75809,0.905815
2.4354,9.6925,0.906026
2.42892,9.62671,0.905585
2.48756,9.64751,0.996067
2.48271,9.58349,0.995093
2.47807,9.51926,0.995052
2.47367,9.45481,0.994758
2.46953,9.39016,0.99554
2.46563,9.32531,0.995737
2.46196,9.26026,0.996826
2.45852,9.19502,0.997708
2.4553,9.12961,0.998269
2.45231,9.064,0.998751
2.44952,8.99819,0.999061
2.44695,8.93217,1.00011
2.44458,8.86597,1.00098
2.44242,8.79959,1.00169
2.44047,8.73303,1.00184
2.43872,8.66629,1.0021
2.43717,8.59939,1.00277
2.43583,8.53232,1.0027
2.43469,8.46506,1.00271
2.43376,8.39761,1.00309
2.43303,8.32995,1.0033
2.4325,8.26208,1.00445
2.43219,8.19404,1.00524
2.41616,8.18021,1.00563
2.41618,8.11348,1.00603
2.41641,8.04655,1.00719
2.41685,7.97942,1.00801
2.41749,7.91209,1.00925
2.41832,7.84457,1.01021
2.42377,7.83657,1.01091
2.42516,7.77043,1.01259
2.42674,7.70412,1.01327
2.42851,7.63764,1.01439
2.61669,7.60068,1.01595
2.62178,7.53521,1.01803
2.62707,7.4696,1.01951
2.63254,7.40383,1.02113
2.63819,7.33789,1.0224
2.64402,7.27178,1.02416
2.83048,7.22127,1.02569
2.83948,7.15595,1.02722
2.84868,7.09046,1.02885
3.02757,7.05225,1.03054
3.03972,6.98772,1.03247
3.05207,6.92304,1.03457
3.20171,6.8814,1.03717
3.21648,6.81768,1.03941
3.23147,6.75383,1.04184
3.24666,6.68986,1.04396
3.4043,6.68366,1.04612
3.4219,6.62111,1.04847
3.43969,6.55838,1.0512
3.33912,6.39673,1.05396
3.35542,6.33297,1.057
3.37194,6.26904,1.05972
3.38865,6.20493,1.0627
3.34563,6.0968,1.06618
3.36172,6.03252,1.07074
3.37801,5.96814,1.07483
3.4862,5.96073,1.079
3.50408,5.89784,1.08262
3.5221,5.8348,1.08654
3.70743,5.8945,1.09119
3.72812,5.83391,1.09523
3.749,5.7732,1.0992
3.77008,5.71236,1.10315
3.92748,5.76551,1.10753
3.95075,5.70696,1.11206
3.97421,5.64828,1.11675
3.952,5.62382,1.12166
3.97491,5.56625,1.12627
3.99801,5.50858,1.13096
4.0054,5.54714,1.13568
4.02831,5.49143,1.1405
4.05138,5.43561,1.14538
4.07462,5.37968,1.15023
4.00545,5.23511,1.15492
4.02741,5.17836,1.15985
4.04953,5.1215,1.16495
4.04544,5.02464,1.17018
4.06724,4.96776,1.17531
4.08919,4.91079,1.18024
4.1113,4.85372,1.18529
4.13357,4.79655,1.19046
4.15599,4.73925,1.19548
4.28296,4.76985,1.20103
4.30697,4.71444,1.20607
4.33113,4.65892,1.2113
4.35545,4.6033,1.21657
4.52846,4.75446,1.22201
4.55501,4.70258,1.22738
4.58171,4.65061,1.23298
4.75674,4.7712,1.23892
4.78556,4.72246,1.24449
4.81453,4.67368,1.24996
4.88353,4.72382,1.25531
4.91301,4.67714,1.26041
4.94264,4.63038,1.26565
4.97241,4.58356,1.27112
5.08696,4.53627,1.27681
5.11789,4.49002,1.28216
5.14896,4.44373,1.28763
5.03667,4.41099,1.29288
5.06546,4.36544,1.29837
5.09435,4.31986,1.30393
5.26648,4.25499,1.30946
5.2974,4.20976,1.31476
5.32845,4.16452,1.31998
5.61112,4.11496,1.32497
5.64579,4.07029,1.32983
5.68058,4.02559,1.3347
5.71549,3.98087,1.33921
5.83541,4.09376,1.34362
5.87136,4.05204,1.34796
5.90742,4.01032,1.35219
6.08565,3.96737,1.03887
6.12363,3.92622,1.04283
6.16174,3.88504,1.04666
6.4584,3.89123,1.05052
6.50018,3.85139,1.05427
6.54211,3.81155,1.05772
6.88413,3.88262,1.06114
6.93028,3.84511,1.06433
6.97657,3.80762,1.0674
7.02299,3.77014,1.07009
7.23366,3.92926,1.07265
7.28219,3.8954,1.07508
7.33087,3.86156,1.07733
7.50161,3.98599,1.0795
7.55174,3.95514,1.08158
7.602,3.92432,1.08344
7.6524,3.89352,1.08528
7.40239,3.84191,1.08687
7.44783,3.81127,1.08814
7.49339,3.78067,1.0894
7.64878,3.9998,1.12835
7.69557,3.97361,1.12938
7.74247,3.94748,1.13008
7.87786,4.10344,1.16289
7.92566,4.08071,1.1633
7.97358,4.05808,1.16349
8.04925,4.16599,1.16374
8.09718,4.14596,1.16379
8.14523,4.12603,1.16377
8.19339,4.10618,1.16353
8.28159,4.20098,1.16328
8.32988,4.1834,1.16269
8.37827,4.16588,1.16194
8.39513,4.2504,1.16124
8.44253,4.23485,1.16018
8.49003,4.21938,1.15928
8.60325,4.0184,1.15818
8.65136,4.00056,1.15713
8.69956,3.98283,1.15627
8.74786,3.96519,1.15521
8.79401,3.93032,1.1541
8.84179,3.91291,1.15277
8.88967,3.89559,1.15123
8.95801,3.85669,1.14949
9.00577,3.83947,1.14755
9.05365,3.82233,1.14567
9.10166,3.80527,1.14378
9.14978,3.78831,1.14187
9.19802,3.77144,1.14009
9.24638,3.75466,1.13839
9.34552,3.75578,1.13664
9.39423,3.73978,1.13462
9.44309,3.72387,1.13238
9.55083,3.73654,1.13017
9.60022,3.72153,1.12764
9.64976,3.70658,1.12513
9.8058,3.65575,1.12247
9.85663,3.64067,1.11975
9.90764,3.62568,1.1171
10.0253,3.64272,1.11438
10.0769,3.62869,1.11143
10.1287,3.61475,1.10842
10.1806,3.60091,1.10511
10.3706,3.70568,1.10159
10.4242,3.69422,1.09803
10.478,3.68286,1.09401
10.6125,3.65736,1.08991
10.6671,3.64624,1.08543
10.7219,3.63521,1.08081
10.892,3.73783,1.07602
10.9481,3.72907,1.07135
11.0044,3.72042,1.06645
11.0608,3.71192,1.06141
11.1801,3.65939,1.0566
11.2371,3.65066,1.05168
11.2942,3.64204,1.04672
11.3775,3.69865,1.04163
11.4346,3.69151,1.0366
11.4918,3.68449,1.03133
11.6201,3.69022,1.02578
11.6779,3.68377,1.02009
11.7359,3.6774,1.01425
11.794,3.67111,1.00836
11.9087,3.78938,1.00249
11.9671,3.78551,0.996728
12.0258,3.78176,0.991033
12.1302,3.87205,0.985263
12.189,3.87024,0.979529
12.248,3.86855,0.97373
12.2477,3.89475,0.967667
12.3051,3.89385,0.961543
12.3627,3.89307,0.955157
12.483,3.85956,0.722869
12.5412,3.85855,0.716424
12.5996,3.85763,0.710023
12.6581,3.8568,0.703763
12.6422,3.94044,0.697278
12.699,3.94123,0.690857
12.756,3.94211,0.684457
12.8885,3.89265,0.677753
12.9463,3.89286,0.671081
13.0042,3.89315,0.664083
13.1038,3.97473,0.657138
13.1619,3.97661,0.650012
13.2202,3.97857,0.642847
13.2786,3.98062,0.63564
13.3709,3.91411,0.628606
13.4294,3.91519,0.621277
13.4881,3.91633,0.613873
13.5039,3.95839,0.606427
13.5614,3.96039,0.598904
13.6189,3.96246,0.591193
13.6958,4.01798,0.583203
13.7532,4.02109,0.575186
13.8107,4.02427,0.567042
13.8685,4.02753,0.558861
13.9744,4.0133,0.396455
14.0325,4.01633,0.388281
14.0908,4.01938,0.379834
14.1493,4.02244,0.371521
14.2223,4.07661,0.363134
14.2805,4.08062,0.354546
14.339,4.08468,0.345661
14.402,4.11628,0.336638
14.46,4.12085,0.327444
14.5183,4.12548,0.318259
14.5171,4.12663,0.308966
14.5739,4.13122,0.299661
14.6309,4.13582,0.290307
14.688,4.14045,0.280787
14.7026,4.25507,0.271153
14.7585,4.26161,0.26109
14.8146,4.26816,0.250931
14.9036,4.397,0.240898
14.9597,4.40566,0.230729
15.0161,4.41434,0.220286
15.1062,4.49927,0.209793
15.1627,4.50924,0.199144
15.2194,4.51926,0.188332
15.2406,4.31087,0.177118
15.2961,4.31701,0.165854
15.3518,4.32313,0.154225
15.4078,4.32926,0.142663
15.457,4.3105,-0.0256932
15.5124,4.31604,-0.0376953
15.568,4.32154,-0.0497231
15.6294,4.29857,-0.061871
15.6846,4.30343,-0.0744173
15.74,4.3082,-0.0871344
15.7956,4.3129,-0.0998769
15.797,4.17094,-0.112735
15.851,4.17291,-0.125802
15.9052,4.17478,-0.139278
15.9227,4.26993,-0.152728
15.9757,4.27326,-0.166109
16.029,4.27649,-0.179767
16.0401,4.12431,-0.193788
16.092,4.12462,-0.207745
16.1441,4.12482,-0.221704
16.1768,4.0027,-0.235766
16.2279,4.00058,-0.249953
16.2792,3.99831,-0.263933
16.3306,3.99593,-0.277861
16.3474,3.90169,-0.292013
16.3976,3.89757,-0.306304
16.4478,3.89332,-0.320394
16.435,3.80279,-0.334389
16.4834,3.79702,-0.348551
16.532,3.79115,-0.363078
16.551,3.91771,-0.377593
16.5985,3.91411,-0.392026
16.6462,3.91046,-0.406546
16.694,3.90674,-0.421177
16.6075,3.90786,-0.435976
16.6524,3.90425,-0.450625
16.6974,3.90061,-0.465336
16.7316,3.90755,-0.480094
16.776,3.90415,-0.495024
16.8205,3.90071,-0.510054
16.8315,3.97446,-0.525063
16.875,3.97236,-0.540016
16.9186,3.97023,-0.55503
16.9623,3.96806,-0.569832
17.0429,4.0277,-0.585053
17.0868,4.02658,-0.600165
17.1308,4.02541,-0.615398
17.1905,4.03502,-0.630736
17.2343,4.03397,-0.646022
17.2781,4.03284,-0.66117
17.3337,3.99693,-0.675862
17.3773,3.99514,-0.690801
17.421,3.99327,-0.705483
17.4082,3.89934,-0.720147
17.4503,3.89589,-0.734473
17.4924,3.89238,-0.748745
17.5346,3.8888,-0.762861
17.4497,3.86366,-0.777147
17.4891,3.85972,-0.791052
17.5285,3.85571,-0.804687
17.5935,3.84864,-0.817868
17.6328,3.84453,-0.830805
17.672,3.84031,-0.843699
17.7113,3.81466,-0.856143
17.7498,3.81003,-0.868351
17.7883,3.8053,-0.880244
17.8267,3.80048,-0.892029
17.8399,3.77091,-0.903726
17.8771,3.76569,-0.914993
17.9143,3.76039,-0.925803
17.9154,3.73153,-0.936469
17.9514,3.72586,-0.946973
17.9872,3.72012,-0.956915
17.979,3.65764,-0.966612
18.0134,3.65103,-0.976041
18.0479,3.64436,-0.985354
18.0397,3.60972,-0.994152
18.0728,3.60272,-1.00277
18.1058,3.59568,-1.01131
18.1388,3.58859,-1.0197
18.1161,3.5761,-1.02783
18.1476,3.56906,-1.0355
18.179,3.56197,-1.04313
18.1332,3.54976,-1.05061
18.1628,3.54273,-1.05751
18.1924,3.53565,-1.06421
18.2219,3.52854,-1.07081
18.1598,3.5043,-1.07721
18.1874,3.49718,-1.08371
18.2149,3.4901,-1.09047
18.149,3.49131,-1.09716
18.1747,3.4847,-1.10411
18.2006,3.47808,-1.11096
18.1441,3.49399,-1.11776
18.1685,3.48791,-1.12424
18.193,3.48178,-1.13057
18.2175,3.47563,-1.13677
18.1558,3.48436,-1.14259
18.1788,3.47873,-1.14874
18.2018,3.47315,-1.15505
18.07,3.4163,-1.16133
18.0903,3.41034,-1.1679
18.1106,3.40443,-1.17489
18.0551,3.42546,-1.18174
18.074,3.4203,-1.18841
18.0929,3.41514,-1.19516
18.0549,3.44371,-1.20158
18.0727,3.43933,-1.20779
18.0906,3.43497,-1.21393
18.1086,3.43062,-1.22032
18.0646,3.46532,-1.22668
18.0814,3.4619,-1.2331
18.0982,3.45854,-1.23988
18.0457,3.47694,-1.24673
18.0613,3.47422,-1.25354
18.0769,3.47153,-1.26027
18.0213,3.49698,-1.26706
18.0356,3.49496,-1.27375
18.0498,3.49297,-1.28044
18.0101,3.50789,-1.28689
18.0234,3.5064,-1.29348
18.0366,3.50495,-1.30034
18.0498,3.50356,-1.30708
18.0076,3.51847,-1.31381
18.0198,3.51762,-1.32093
18.0321,3.51683,-1.32809
17.982,3.54327,-1.33522
17.9932,3.54318,-1.34256
18.0044,3.54314,-1.34996
17.9481,3.56522,-1.35754
17.9582,3.56577,-1.36511
17.9683,3.56636,-1.37254
17.9785,3.56699,-1.38004
17.9134,3.5916,-1.38754
17.9223,3.59287,-1.39511
17.9313,3.59422,-1.40266
17.9327,3.61594,-1.49828
17.9415,3.61786,-1.5061
17.9504,3.61985,-1.5141
17.8856,3.67575,-1.52213
17.8934,3.67883,-1.53011
17.9011,3.68198,-1.5382
17.9089,3.68517,-1.54634
17.84,3.71053,-1.55439
17.8466,3.71434,-1.56267
17.8533,3.71821,-1.57095
17.7842,3.73055,-1.57928
17.7898,3.73483,-1.58773
17.7955,3.73919,-1.59637
17.72,3.75414,-1.60508
17.7245,3.75894,-1.61393
17.729,3.7638,-1.62267
17.6694,3.78475,-1.63164
17.6731,3.79011,-1.64054
17.6768,3.79554,-1.64955
17.6806,3.80107,-1.6586
17.6154,3.81219,-1.66782
17.6183,3.81806,-1.677
17.6212,3.82401,-1.68639
17.551,3.8431,-1.6958
17.553,3.84954,-1.70531
17.555,3.85606,-1.71485
17.5176,3.86655,-1.80295
17.5193,3.87338,-1.81268
17.5209,3.88029,-1.82248
17.4684,3.904,-1.90876
17.4695,3.91137,-1.91858
17.4707,3.91882,-1.92861
17.4719,3.92635,-1.93885
17.4356,3.93768,-2.02167
17.4366,3.94545,-2.03194
17.4377,3.9533,-2.04238
17.3331,3.97559,-2.05299
17.333,3.98385,-2.06373
17.3329,3.9922,-2.07455
17.2403,4.01531,-2.08531
17.2393,4.02405,-2.09604
17.2384,4.03288,-2.10687
17.2375,4.04178,-2.11764
17.1494,4.06926,-2.12868
17.1477,4.07864,-2.13984
17.1461,4.08812,-2.15112
17.1445,4.09768,-2.16252
16.9833,4.0529,-2.17411
16.98,4.06189,-2.18593
16.9767,4.07097,-2.19796
16.7524,4.05822,-2.21003
16.7465,4.06722,-2.22211
16.7408,4.07628,-2.2345
16.6742,4.14284,-2.24709
16.6681,4.15288,-2.25982
16.6621,4.16301,-2.27265
16.6562,4.17321,-2.28572
16.6102,4.2062,-2.35161
16.6043,4.21683,-2.36475
16.5985,4.22754,-2.37813
16.5138,4.27574,-2.39134
16.5075,4.28711,-2.40471
16.5013,4.29855,-2.41812
16.4974,4.35101,-2.49368
16.4918,4.36308,-2.5074
16.4863,4.37524,-2.52107
16.481,4.38748,-2.53489
16.482,4.42398,-2.60964
16.4774,4.43651,-2.62366
16.473,4.44909,-2.63765
16.4506,4.46242,-2.70974
16.4465,4.47501,-2.72388
16.4426,4.48766,-2.7379
16.432,4.49688,-2.8167
16.4285,4.50939,-2.83095
16.4252,4.52192,-2.84538
16.4221,4.53448,-2.85987
16.3348,4.54755,-2.91099
16.3311,4.56002,-2.92536
16.3276,4.57252,-2.9398
16.2423,4.6322,-2.9741
16.2384,4.64515,-2.98846
16.2346,4.65809,-3.00293
16.1763,4.69011,-3.02627
16.1725,4.70314,-3.0408
16.1688,4.71619,-3.05545
16.1653,4.72924,-3.06974
16.066,4.73621,-3.08448
16.0619,4.74896,-3.09905
16.0579,4.76168,-3.11363
15.994,4.7796,-3.12829
15.9899,4.79218,3.14024
15.986,4.80478,3.12561
15.9013,4.82546,3.10629
15.8971,4.83796,3.09174
15.893,4.85042,3.07729
15.8891,4.86284,3.06253
15.7826,4.87308,3.04914
15.7781,4.88526,3.03433
15.7737,4.89744,3.0196
15.6953,4.91199,2.99493
15.6907,4.92395,2.98036
15.6862,4.93585,2.96565
15.5957,4.96648,2.95084
15.5908,4.97832,2.93612
15.5861,4.99015,2.92138
15.4995,5.00455,2.9081
15.4944,5.01616,2.89344
15.4895,5.02774,2.87856
15.4563,5.0458,2.84397
15.4517,5.05713,2.82932
15.4473,5.06839,2.81473
15.443,5.07957,2.80004
15.4408,5.16154,2.77243
15.4371,5.17319,2.75797
15.4336,5.18477,2.74368
15.3912,5.29746,2.74818
15.3878,5.30976,2.73403
15.3846,5.32192,2.71982
15.2942,5.39758,2.74108
15.2905,5.40998,2.72736
15.2871,5.42226,2.71389
15.2838,5.43442,2.70057
15.1202,5.45979,2.72987
15.1156,5.47155,2.71676
15.1112,5.48314,2.70373
14.8855,5.48361,2.69096
14.8791,5.49461,2.67841
14.8729,5.50547,2.66606
14.6782,5.47499,2.65387
14.6704,5.48485,2.64181
14.6626,5.49457,2.62993
14.655,5.50416,2.61834
14.548,5.50378,2.60695
14.5397,5.51272,2.59573
14.5316,5.5215,2.58448
14.4612,5.57421,2.67851
14.453,5.58303,2.6677
14.4449,5.59169,2.65711
14.3722,5.61513,2.6466
14.364,5.62347,2.63628
14.3558,5.63168,2.62608
14.3478,5.63975,2.61612
14.3322,5.67375,2.71153
14.3246,5.68166,2.70196
14.3172,5.68946,2.69241
14.2595,5.70425,2.68321
14.2521,5.71169,2.67398
14.2448,5.71901,2.665
14.2074,5.72445,2.65607
14.2004,5.73132,2.6473
14.1935,5.73808,2.63861
14.1868,5.74473,2.62995
14.167,5.76366,2.62123
14.1607,5.77009,2.6125
14.1546,5.77643,2.6037
14.1425,5.78644,2.59482
14.1369,5.79247,2.58598
14.1313,5.79842,2.57731
14.1082,5.80204,2.56878
14.1029,5.80761,2.56034
14.0978,5.8131,2.55203
14.0928,5.81849,2.54414
14.0889,5.84174,2.53651
14.0844,5.84689,2.52897
14.08,5.85191,2.52161
14.086,5.87497,2.51425
14.0823,5.87974,2.50693
14.0787,5.88436,2.49966
14.1543,5.94063,2.49226
14.152,5.94533,2.48522
14.1498,5.94989,2.47846
14.1477,5.95431,2.47172
14.1096,5.99525,2.46511
14.1075,5.99959,2.45836
14.1054,6.0038,2.45186
14.1705,5.9919,2.44509
14.1695,5.9954,2.43839
14.1686,5.99874,2.43169
14.1411,5.94805,2.42511
14.1403,5.95031,2.41853
14.1396,5.95245,2.41174
14.1622,5.98385,2.40514
14.1621,5.98589,2.39846
14.162,5.98781,2.3919
14.1621,5.98961,2.38539
14.1457,5.96025,2.37906
14.1459,5.96125,2.37264
14.1462,5.96211,2.36611
14.1377,5.93238,2.35962
14.1382,5.93242,2.35304
14.1388,5.93233,2.34635
14.1359,5.887,2.3394
14.1368,5.88594,2.33246
14.1378,5.88475,2.32551
14.1388,5.88345,2.31837
14.1343,5.84181,2.31101
14.1356,5.83963,2.30361
14.1369,5.83731,2.29648
14.1305,5.79564,2.28894
14.132,5.79248,2.28126
14.1335,5.7892,2.27334
14.129,5.74959,2.26534
14.1307,5.7455,2.25731
14.1325,5.74129,2.24876
14.1252,5.70485,2.24024
14.1271,5.69986,2.23182
14.129,5.69475,2.2231
14.1311,5.68952,2.21408
14.1288,5.64623,2.2049
14.131,5.64017,2.19567
14.1333,5.63401,2.1863
14.1837,5.60726,2.27016
14.1868,5.60052,2.26016
14.1899,5.59369,2.25026
14.1881,5.55426,2.24029
14.1915,5.54673,2.23006
14.1949,5.53907,2.21961
14.1983,5.53129,2.20934
14.2454,5.46728,2.19903
14.2496,5.4585,2.18846
14.2539,5.44959,2.17763
14.2309,5.37052,2.16692
14.2351,5.36042,2.15627
14.2394,5.35021,2.14531
14.2982,5.34692,2.13419
14.3034,5.33644,2.12292
14.3086,5.32585,2.11177
14.3139,5.31516,2.10033
14.3029,5.31841,2.17595
14.3082,5.3076,2.16435
14.3136,5.29669,2.15301
14.3029,5.26673,2.23139
14.3084,5.25537,2.22024
14.3139,5.24392,2.20928
14.355,5.25193,2.19848
14.3613,5.24043,2.18774
14.3677,5.22881,2.17701
14.3743,5.21706,2.16629
14.4004,5.16597,2.15569
14.4075,5.15341,2.14523
14.4148,5.14073,2.1348
14.4272,5.0718,2.12451
14.4348,5.05818,2.11439
14.4426,5.04445,2.10446
14.4693,4.98817,2.09478
14.4775,4.97366,2.08521
14.4859,4.95904,2.07576
14.555,4.95315,2.06646
14.5645,4.93835,2.05733
14.574,4.92343,2.0481
14.5838,4.90837,2.03912
14.6907,4.85769,2.03034
14.7019,4.84187,2.02173
14.7133,4.82593,2.01306
14.6013,4.8245,2.09027
14.6113,4.80851,2.08208
14.6214,4.7924,2.07409
14.5158,4.75167,2.06618
14.5247,4.73502,2.05849
14.5337,4.71826,2.05096
14.5429,4.70138,2.04336
14.4298,4.69542,2.036
14.4377,4.67848,2.02893
14.4457,4.66144,2.02214
14.4255,4.77383,2.01547
14.4334,4.75826,2.00931
14.4415,4.74255,2.0031
14.369,4.77672,1.997
14.3761,4.76137,1.9903
14.3833,4.74586,1.98347
14.3905,4.73018,1.9766
14.3189,4.73251,1.9692
14.325,4.71685,1.96196
14.3311,4.70111,1.95528
14.3713,4.70647,1.94854
14.378,4.69087,1.94194
14.3847,4.6752,1.93552
14.3031,4.66628,1.92896
14.3087,4.6505,1.92222
14.3143,4.63459,1.91549
14.32,4.61853,1.90858
14.3534,4.6548,1.9016
14.3595,4.63917,1.89467
14.3657,4.62341,1.88792
14.5041,4.69629,1.88104
14.5121,4.68151,1.87434
14.5203,4.66663,1.86767
14.653,4.6953,1.86101
14.6629,4.68077,1.85405
14.6728,4.66613,1.84743
14.6624,4.68421,1.91683
14.6721,4.66981,1.90976
14.6819,4.65531,1.90296
14.6917,4.64071,1.89611
14.7619,4.66767,1.88922
14.7726,4.65342,1.88256
14.7834,4.63905,1.87568
14.8381,4.63847,1.92292
14.8496,4.62408,1.91637
14.8612,4.60958,1.91005
14.846,4.59472,1.96133
14.8573,4.58002,1.95483
14.8686,4.56522,1.94849
14.88,4.5503,1.9419
14.9292,4.58331,1.98223
14.9413,4.56888,1.9755
14.9534,4.55435,1.96878
14.9915,4.62197,1.96201
15.0041,4.60848,1.95528
15.0168,4.5949,1.94879
14.9149,4.63332,2.01713
14.926,4.62041,2.0106
14.9373,4.60743,2.00407
14.7234,4.64776,1.99741
14.7315,4.6355,1.99064
14.7397,4.62316,1.98391
14.7479,4.61078,1.97715
14.6745,4.6476,2.0472
14.6818,4.63589,2.04042
14.6891,4.62415,2.03357
14.6869,4.61866,2.09883
14.6943,4.60701,2.09198
14.7019,4.59534,2.0851
14.6437,4.59333,2.15955
14.6505,4.5818,2.15261
14.6574,4.57022,2.14554
14.6643,4.55859,2.1385
14.525,4.58573,2.13113
14.5299,4.57467,2.12363
14.5348,4.56357,2.11604
14.443,4.59987,2.19904
14.4467,4.58956,2.1913
14.4504,4.57924,2.18351
14.4406,4.63529,2.24852
14.4444,4.62607,2.24104
14.4482,4.61685,2.23336
14.4521,4.60761,2.22573
14.4678,4.68076,2.21783
14.4721,4.67282,2.20959
14.4765,4.66488,2.20115
14.4135,4.71554,2.19234
14.417,4.70854,2.18366
14.4206,4.70155,2.17503
14.3452,4.79223,2.16619
14.3477,4.78685,2.15728
14.3502,4.78149,2.14858
14.4839,4.8711,2.13989
14.4888,4.86728,2.13078
14.4937,4.86346,2.12143
14.5728,4.93729,2.11193
14.579,4.93468,2.10229
14.5854,4.93208,2.09235
14.5918,4.92948,2.08213
14.6753,5.02335,2.07179
14.6831,5.0223,2.06154
14.691,5.02128,2.05108
14.7494,5.08869,2.0407
14.7582,5.08876,2.02998
14.7672,5.08884,2.01914
14.7762,5.08892,2.0084
14.7743,5.16325,1.99742
14.7833,5.16451,1.98628
14.7924,5.16575,1.97509
14.7952,5.22464,1.96399
14.8043,5.22674,1.95269
14.8135,5.22886,1.94144
14.7868,5.29661,1.92998
14.7955,5.29972,1.91836
14.8042,5.30284,1.90676
14.8312,5.35016,1.89511
14.8404,5.3539,1.88317
14.8496,5.35765,1.8715
14.859,5.3614,1.85953
14.8773,5.40079,1.8475
14.887,5.40501,1.83559
14.8967,5.40922,1.82377
14.9066,5.41345,1.81203
14.8994,5.4549,1.80031
14.9091,5.45963,1.78866
14.9189,5.46435,1.77727
14.8869,5.50559,1.76605
14.8961,5.51076,1.75481
14.9054,5.51592,1.74356
14.9011,5.59242,1.73255
14.9104,5.59861,1.72166
14.9197,5.60479,1.71065
14.9291,5.61096,1.69983
14.9263,5.67851,1.68907
14.9356,5.68559,1.67844
14.9451,5.69266,1.66803
14.9308,5.75355,1.65777
14.9399,5.7614,1.64762
14.9491,5.76927,1.63767
14.8462,5.91241,1.62806
14.8535,5.92249,1.61876
14.861,5.93256,1.60964
14.8684,5.94264,1.60072
14.83,6.02491,1.59189
14.8368,6.036,1.58341
14.8436,6.04707,1.57505
14.8292,6.06732,1.56684
14.8357,6.07834,1.55876
14.8422,6.08938,1.5508
14.8366,6.12484,1.54306
14.8429,6.13612,1.53546
14.8493,6.14742,1.52804
14.8557,6.15877,1.52065
14.6278,6.25512,1.51348
14.6301,6.26786,1.50637
14.6323,6.28065,1.4997
14.4309,6.29722,1.5607
14.4295,6.30998,1.55384
14.4281,6.32278,1.54703
14.2624,6.36635,1.54038
14.2581,6.37961,1.53402
14.2538,6.39294,1.52777
14.2494,6.40632,1.52134
14.1396,6.45442,1.51483
14.1334,6.46831,1.50855
14.1272,6.48229,1.50231
14.0615,6.52418,1.56045
14.0543,6.53856,1.55415
14.0471,6.55304,1.54807
14.0741,6.64768,1.54219
14.0676,6.6635,1.53641
14.0611,6.67942,1.53055
14.0546,6.69541,1.52471
14.0073,6.751,1.51923
14.0002,6.76759,1.51372
13.993,6.78425,1.50806
13.9324,6.84909,1.50221
13.9243,6.86648,1.4967
13.9163,6.88397,1.49114
13.9681,7.00958,1.48563
13.9613,7.02886,1.47993
13.9545,7.04825,1.47446
13.9477,7.06776,1.46916
13.9751,7.13255,1.46387
13.9691,7.15271,1.4586
13.9704,7.19112,1.45343
13.9648,7.2114,1.44829
13.9592,7.23175,1.44313
13.9537,7.25217,1.43784
14.0741,7.27078,1.43289
14.0711,7.29089,1.42783
14.0682,7.31107,1.42267
14.0914,7.28943,1.41772
14.0892,7.3086,1.41279
14.087,7.32786,1.40799
14.0388,7.32224,1.40319
14.036,7.34084,1.39846
14.0332,7.35951,1.39375
14.0305,7.37826,1.38903
13.9978,7.43002,1.38419
13.9947,7.44916,1.37952
13.9917,7.46837,1.37481
14.1413,7.51734,1.36994
14.1413,7.53682,1.36528
14.1413,7.55636,1.36068
14.1414,7.57598,1.35589
14.2019,7.59977,1.35115
14.2031,7.61922,1.34629
14.2045,7.63874,1.34171
14.3467,7.64041,1.41778
14.3507,7.65933,1.41309
14.3548,7.67832,1.40836
14.5734,7.66814,1.40343
14.5815,7.68627,1.39842
14.5896,7.70445,1.39357
14.6417,7.69586,1.46806
14.6507,7.71328,1.46286
14.6597,7.73076,1.45814
14.6688,7.7483,1.45304
14.696,7.74346,1.52493
14.7054,7.76033,1.5199
14.7149,7.77726,1.51494
14.6748,7.86058,1.58243
14.6833,7.87851,1.57736
14.6919,7.8965,1.57232
14.7259,7.87302,1.56706
14.7349,7.88998,1.56162
14.744,7.907,1.55646
14.7532,7.9241,1.5512
14.7721,7.89664,1.62094
14.7814,7.91266,1.61584
14.7908,7.92873,1.61062
14.9175,7.91602,1.60517
14.9292,7.93127,1.59999
14.9409,7.94656,1.59481
14.8697,8.02057,1.58928
14.8799,8.03674,1.58408
14.8901,8.05295,1.57882
14.9003,8.06921,1.57355
15.0189,8.00695,1.56835
15.0311,8.02145,1.56303
15.0434,8.03599,1.55749
15.1194,8.0236,1.55214
15.1327,8.03737,1.54663
15.1462,8.05119,1.54094
15.2001,8.0105,1.53525
15.2141,8.02302,1.52978
15.2282,8.03558,1.52396
15.2422,8.04817,1.51801
15.2739,7.99556,1.51216
15.2881,8.00667,1.50634
15.3023,8.01782,1.50024
15.1439,8.01698,1.49413
15.1546,8.02772,1.48817
15.1652,8.0385,1.48185
15.0427,8.03583,1.47567
15.0506,8.04617,1.46942
15.0585,8.05655,1.46287
15.1372,8.03444,1.45631
15.1463,8.04397,1.44987
15.1555,8.05354,1.44317
15.1646,8.06312,1.43646
14.9294,8.0934,1.43011
14.9338,8.10322,1.4234
14.9382,8.11305,1.4166
14.7257,8.10191,1.41041
14.7259,8.11116,1.40369
14.7262,8.12042,1.39692
14.689,8.06566,1.39061
14.6885,8.07347,1.38404
14.6882,8.0813,1.3771
14.6878,8.08912,1.37069
14.689,8.03069,1.36397
14.6887,8.03702,1.35704
14.6885,8.04335,1.35062
14.6769,8.00381,1.34422
14.6765,8.00907,1.33724
14.6762,8.01432,1.3308
14.6477,7.98066,1.32435
14.6469,7.985,1.31724
14.6461,7.98935,1.31064
14.6408,7.95165,1.30422
14.64,7.95502,1.2972
14.6392,7.95838,1.29068
14.6385,7.96172,1.28428
14.6434,7.95224,1.2775
14.6428,7.95516,1.27089
14.6422,7.95807,1.26463
14.652,7.94833,1.25778
14.6516,7.95084,1.25099
14.6513,7.95333,1.24461
14.6307,7.95434,1.23807
14.6301,7.95668,1.23099
14.6294,7.959,1.22461
14.6288,7.96131,1.21813
14.5045,7.96751,1.21131
14.5015,7.96979,1.20464
14.4985,7.97206,1.1984
14.4021,7.99025,1.19156
14.3973,7.99273,1.1851
14.3925,7.99522,1.17881
14.3348,8.06632,1.17214
14.3291,8.07007,1.16556
14.3233,8.07383,1.15922
14.3175,8.07763,1.1525
14.4148,8.10825,1.14579
14.411,8.11246,1.13943
14.4071,8.1167,1.13269
14.6616,8.1187,1.12581
14.6627,8.12272,1.11937
14.6638,8.12676,1.11266
14.8537,8.13743,1.10549
14.8584,8.1414,1.09891
14.8632,8.14536,1.09219
14.868,8.1493,1.08524
14.7968,8.2118,1.07895
14.8001,8.21672,1.07251
14.8035,8.22163,1.06601
14.6508,8.26965,1.05924
14.6511,8.27527,1.05295
14.6515,8.28089,1.0465
14.5325,8.32903,1.03966
14.5305,8.33536,1.03325
14.5286,8.34169,1.02686
14.4847,8.36088,1.02007
14.482,8.36733,1.01365
14.4793,8.3738,1.00731
14.4767,8.38029,1.00037
14.4043,8.37542,0.993899
14.4003,8.38157,0.987619
14.3963,8.38773,0.98066
14.3329,8.40777,0.974184
14.3278,8.41408,0.96784
14.3228,8.42042,0.961106
14.3215,8.47758,0.954577
14.3166,8.48477,0.94826
14.3116,8.49199,0.941441
14.3067,8.49923,0.934815
14.3145,8.54146,0.928649
14.3099,8.54925,0.922001
14.3053,8.55706,0.915258
14.3961,8.58251,0.908993
14.3934,8.5905,0.902598
14.3907,8.59853,0.895759
14.3975,8.63843,0.889417
14.395,8.64693,0.882969
14.3924,8.65546,0.876156
14.3899,8.66402,0.869953
14.3367,8.68929,0.863631
14.3331,8.69808,0.857086
14.3296,8.70692,0.850523
14.28,8.70319,0.844218
14.2756,8.71172,0.837652
14.2712,8.72029,0.83085
14.2966,8.72065,0.824424
14.2928,8.72897,0.81795
14.2889,8.73733,0.810957
14.2916,8.71696,0.804401
14.2879,8.72466,0.798007
14.2842,8.73238,0.791106
14.2805,8.7401,0.784456
14.3007,8.77249,0.778158
14.2975,8.78052,0.771168
14.2944,8.78856,0.764919
14.2602,8.7819,0.75863
14.2565,8.78953,0.751855
14.2528,8.79716,0.745322
14.2944,8.83105,0.739125
14.2915,8.83905,0.732316
14.2887,8.84706,0.725902
14.2859,8.85511,0.719502
14.2376,8.84345,0.71305
14.2339,8.85103,0.706612
14.2302,8.85866,0.70038
14.277,8.87293,0.693549
14.2743,8.8806,0.687005
14.2715,8.88833,0.680657
14.329,8.91029,0.673799
14.3273,8.91819,0.667215
14.3257,8.92614,0.660733
14.2936,8.95646,0.654065
14.2914,8.96476,0.647319
14.2892,8.97309,0.640782
14.287,8.98146,0.633839
14.241,8.99009,0.626946
14.238,8.99833,0.620436
14.235,9.00659,0.613716
14.2846,9.01646,0.606792
14.2827,9.02455,0.600427
14.2807,9.03265,0.593709
14.303,9.04418,0.586823
14.3015,9.05216,0.580438
14.3,9.06014,0.574022
14.2986,9.06813,0.567185
14.2818,9.05428,0.560624
14.2801,9.06172,0.554312
14.2784,9.06916,0.547442
14.3085,9.12501,0.540922
14.3074,9.1332,0.53453
14.3063,9.1414,0.527657
14.3053,9.14962,0.52122
14.3043,9.15786,0.514685
14.3032,9.16613,0.508028
14.3022,9.17442,0.501302
14.3325,9.21462,0.494947
14.332,9.22339,0.488159
14.3316,9.23218,0.481429
14.4315,9.22935,0.47494
14.4329,9.23777,0.468247
14.4344,9.24621,0.461418
14.4331,9.20031,0.551455
14.4344,9.20762,0.544727
14.4358,9.21494,0.537788
14.4371,9.22228,0.531184
14.4364,9.19719,0.615403
14.4377,9.2038,0.608408
14.439,9.21041,0.601699
14.4724,9.21425,0.595
14.4742,9.22063,0.588113
14.4761,9.227,0.581377
14.4229,9.19991,0.575298
14.4237,9.20554,0.568393
14.4244,9.21116,0.561554
14.4376,9.20169,0.555193
14.4386,9.20691,0.548557
14.4396,9.21214,0.541788
14.4406,9.21738,0.53556
14.4193,9.19609,0.612676
14.4198,9.20077,0.605851
14.4203,9.20547,0.599436
14.4328,9.19815,0.592527
14.4334,9.20254,0.585514
14.4341,9.20695,0.578808
14.436,9.20797,0.571818
14.4367,9.21219,0.564462
14.4374,9.21639,0.558018
14.4381,9.22056,0.551111
14.4364,9.20982,0.544032
14.4371,9.21356,0.53772
14.4377,9.2173,0.531167
14.4207,9.19599,0.609272
14.421,9.19916,0.602783
14.4212,9.20233,0.596253
14.4275,9.18337,0.588988
14.4278,9.18603,0.58235
14.4281,9.18868,0.575721
14.4285,9.19132,0.568425
14.4254,9.17951,0.561902
14.4257,9.18177,0.555305
14.4259,9.18401,0.548095
14.3926,9.17068,0.541397
14.3922,9.17254,0.535016
14.3918,9.17439,0.52779
14.4069,9.17477,0.521089
14.4067,9.17649,0.514482
14.4066,9.17819,0.50742
14.4064,9.17988,0.500581
14.3995,9.16566,0.581306
14.3992,9.16697,0.574041
14.3989,9.16827,0.567169
14.3654,9.15382,0.560568
14.3644,9.15475,0.553612
14.3635,9.15566,0.546383
14.3715,9.14693,0.622231
14.3707,9.14758,0.615318
14.3698,9.14819,0.608303
14.397,9.15833,0.601801
14.3966,9.15904,0.594936
14.3962,9.15973,0.587751
14.3959,9.1604,0.581363
14.4221,9.16509,0.574429
14.4221,9.16575,0.567442
14.4222,9.16639,0.561004
14.4108,9.16023,0.635632
14.4106,9.16067,0.628816
14.4105,9.16109,0.622246
14.4096,9.15245,0.615062
14.4094,9.15262,0.608341
14.4092,9.15278,0.601554
14.409,9.15292,0.594289
14.4122,9.14235,0.587792
14.412,9.14221,0.58128
14.4118,9.14206,0.573907
14.3984,9.1304,0.649161
14.3979,9.12995,0.642585
14.3974,9.1295,0.635345
14.3862,9.13323,0.628684
14.3855,9.13279,0.621871
14.3848,9.13233,0.614808
14.3758,9.14304,0.608164
14.3749,9.14272,0.601073
14.374,9.14238,0.594069
14.3732,9.14203,0.58752
14.3694,9.13963,0.580285
14.3684,9.13917,0.57338
14.3674,9.13869,0.566873
14.3998,9.15372,0.559756
14.3995,9.15346,0.552716
14.3991,9.15317,0.546229
14.3856,9.14158,0.622288
14.385,9.14102,0.615482
14.3843,9.14045,0.608951
14.3837,9.13986,0.601896
14.3809,9.13477,0.672622
14.3801,9.13404,0.665994
14.3794,9.13329,0.658683
14.3836,9.12696,0.651832
14.3829,9.12604,0.645223
14.3823,9.12512,0.637944
14.379,9.11893,0.705176
14.3782,9.11784,0.698518
14.3775,9.11673,0.691035
14.3768,9.11559,0.684448
14.3698,9.14847,0.677774
14.3689,9.14791,0.670783
14.368,9.14732,0.663573
14.3497,9.14034,0.656994
14.3485,9.13957,0.650095
14.3473,9.13879,0.642896
14.3449,9.14229,0.636337
14.3437,9.14154,0.629255
14.3424,9.14077,0.622176
14.3452,9.12908,0.691949
14.344,9.12804,0.684946
14.3428,9.12698,0.677904
14.3416,9.12591,0.671226
14.3372,9.11656,0.736663
14.336,9.11527,0.729661
14.3347,9.11397,0.722997
14.3314,9.10784,0.71587
14.3301,9.10639,0.708962
14.3288,9.10493,0.702253
14.3377,9.1152,0.695174
14.3366,9.11389,0.688049
14.3354,9.11258,0.68136
14.3343,9.11125,0.674308
14.3569,9.11412,0.667339
14.3562,9.11281,0.660559
14.3555,9.11149,0.653594
14.358,9.11049,0.719244
14.3573,9.10912,0.712639
14.3567,9.10774,0.705453
14.3533,9.10517,0.769159
14.3525,9.10371,0.762362
14.3518,9.10224,0.755175
14.3375,9.11552,0.748313
14.3365,9.11427,0.741478
14.3355,9.11302,0.734305
14.3346,9.11174,0.72754
14.3287,9.10674,0.790813
14.3276,9.10534,0.783675
14.3266,9.10394,0.776962
14.3289,9.11092,0.77007
14.3279,9.10962,0.762898
14.3269,9.10832,0.756238
14.331,9.12665,0.749259
14.3301,9.12566,0.742248
14.3292,9.12467,0.735634
14.3283,9.12368,0.728422
14.3519,9.11871,0.721403
14.3514,9.11758,0.714659
14.351,9.11645,0.70737
14.3537,9.12438,0.770485
14.3533,9.12335,0.763664
14.3529,9.12232,0.75661
14.386,9.13908,0.749792
14.3862,9.13833,0.743001
14.3865,9.13757,0.735787
14.3867,9.13681,0.728925
14.4167,9.1461,0.722088
14.4175,9.14547,0.71498
14.4182,9.14483,0.708188
14.4088,9.13956,0.774384
14.4094,9.13877,0.767336
14.41,9.13798,0.760585
14.417,9.14304,0.753647
14.4177,9.1423,0.746504
14.4184,9.14155,0.739802
14.4191,9.1408,0.732787
14.4246,9.14215,0.725718
14.4254,9.14139,0.718894
14.4262,9.14062,0.712052
14.4292,9.14654,0.7049
14.43,9.14584,0.698047
14.4308,9.14513,0.691228
14.4257,9.13397,0.758278
14.4263,9.13301,0.751517
14.427,9.13205,0.744622
14.4086,9.12387,0.80882
